211.3375
151.5500
151.5500
151.5500
151.5500
26.5500
77.9583
0.0000
51.4792
49.5042
227.5250
227.5250
69.3000
78.8500
30.0000
25.9250
247.5208
247.5208
76.2917
75.2417
52.5542
52.5542
30.0000
227.5250
221.7792
26.0000
91.0792
91.0792
135.6333
26.5500
35.5000
31.0000
164.8667
26.5500
26.5500
262.3750
55.0000
26.5500
30.5000
50.4958
39.6000
27.7208
51.4792
76.2917
134.5000
26.5500
31.0000
26.2875
27.4458
512.3292
512.3292
5.0000
47.1000
47.1000
120.0000
120.0000
120.0000
120.0000
26.0000
27.7208
78.8500
78.8500
61.1750
61.1750
53.1000
53.1000
262.3750
86.5000
29.7000
55.0000
0.0000
136.7792
136.7792
151.5500
52.0000
25.5875
83.1583
83.1583
83.1583
25.7000
26.5500
71.0000
71.0000
26.5500
71.2833
71.2833
26.5500
30.5000
151.5500
52.0000
52.0000
57.0000
57.0000
81.8583
81.8583
81.8583
106.4250
247.5208
106.4250
39.6000
56.9292
29.7000
83.1583
227.5250
78.2667
31.6792
221.7792
31.6833
110.8833
26.3875
27.7500
263.0000
263.0000
263.0000
263.0000
263.0000
263.0000
56.9292
26.5500
133.6500
27.7208
133.6500
49.5000
79.2000
79.2000
0.0000
53.1000
53.1000
38.5000
211.5000
59.4000
59.4000
79.2000
89.1042
89.1042
34.6542
28.5000
30.0000
153.4625
153.4625
63.3583
63.3583
79.2000
55.4417
55.4417
76.7292
76.7292
42.4000
83.4750
83.4750
0.0000
76.7292
30.0000
83.1583
93.5000
93.5000
42.5000
51.8625
50.0000
57.9792
57.9792
77.9583
52.0000
52.0000
26.5500
90.0000
30.6958
90.0000
80.0000
28.7125
0.0000
26.0000
26.0000
211.5000
29.7000
51.8625
51.8625
52.5542
52.5542
26.5500
211.3375
25.9292
106.4250
512.3292
27.7208
26.5500
27.7208
39.4000
39.4000
30.0000
77.9583
45.5000
146.5208
211.3375
26.0000
86.5000
29.7000
53.1000
53.1000
49.5042
75.2417
51.8625
26.2875
82.1708
82.1708
26.5500
90.0000
90.0000
90.0000
57.7500
30.5000
42.4000
29.7000
113.2750
113.2750
113.2750
26.2833
26.0000
108.9000
25.7417
61.9792
61.9792
27.7208
0.0000
28.5000
93.5000
66.6000
66.6000
108.9000
108.9000
93.5000
30.5000
52.0000
83.1583
0.0000
39.6000
135.6333
227.5250
211.3375
50.4958
26.5500
50.0000
27.7208
79.2000
40.1250
86.5000
59.4000
59.4000
26.5500
262.3750
262.3750
262.3750
262.3750
262.3750
30.5000
69.3000
26.0000
57.7500
31.0000
26.5500
153.4625
26.2875
55.9000
55.9000
35.5000
35.5000
26.5500
30.6958
60.0000
26.0000
60.0000
82.2667
82.2667
134.5000
134.5000
134.5000
146.5208
146.5208
30.5000
26.5500
55.4417
55.4417
78.2667
27.7208
80.0000
221.7792
221.7792
32.3208
25.9292
79.6500
79.6500
79.6500
52.0000
52.0000
110.8833
110.8833
110.8833
79.2000
28.5375
27.7208
33.5000
34.0208
512.3292
75.2500
75.2500
26.5500
77.2875
77.2875
135.6333
164.8667
164.8667
164.8667
211.5000
211.5000
211.5000
26.5500
61.3792
61.3792
35.0000
134.5000
35.5000
26.5500
135.6333
24.0000
24.0000
13.0000
11.5000
10.5000
26.0000
26.0000
13.0000
11.5000
10.5000
13.0000
10.5000
12.5250
26.0000
26.0000
26.0000
39.0000
39.0000
39.0000
39.0000
13.0000
13.0000
13.0000
13.0000
13.0000
13.0000
13.0000
39.0000
39.0000
39.0000
26.0000
26.0000
13.0000
13.0000
13.0000
13.0000
29.0000
29.0000
29.0000
21.0000
0.0000
13.0000
26.0000
26.0000
13.5000
26.0000
26.0000
30.0000
30.0000
26.0000
26.0000
10.5000
13.0000
10.5000
26.2500
26.2500
26.2500
10.5000
13.0000
21.0000
11.5000
0.0000
36.7500
73.5000
36.7500
13.0000
13.0000
73.5000
27.7208
27.7208
31.5000
73.5000
23.0000
23.0000
26.0000
32.5000
32.5000
32.5000
13.8583
13.8583
13.0000
13.0000
13.0000
26.0000
26.0000
10.5000
13.0000
0.0000
13.0000
26.0000
21.0000
21.0000
13.0000
26.0000
10.5000
10.5000
11.5000
11.5000
13.5000
13.0000
13.0000
13.0000
13.0000
13.0000
14.5000
14.5000
13.0000
33.0000
33.0000
10.5000
10.5000
26.2500
26.2500
26.2500
65.0000
65.0000
65.0000
65.0000
16.0000
73.5000
73.5000
73.5000
13.0000
23.0000
11.5000
13.0000
23.0000
13.0000
26.0000
26.0000
73.5000
13.0000
26.0000
26.0000
12.2750
10.5000
27.0000
27.0000
15.0000
31.5000
31.5000
10.5000
13.7917
26.0000
26.0000
21.0000
12.3500
12.3500
13.5000
12.3500
0.0000
10.5000
26.0000
26.0000
10.7083
41.5792
41.5792
41.5792
41.5792
12.0000
33.0000
10.5000
12.8750
10.5000
12.3500
26.0000
26.0000
10.5000
15.0458
37.0042
37.0042
37.0042
15.5792
13.0000
16.0000
13.5000
13.0000
26.0000
19.5000
19.5000
10.5000
13.0000
13.0000
10.5000
13.0000
14.0000
26.0000
10.5000
9.6875
30.0708
30.0708
26.0000
26.0000
26.0000
13.0000
36.7500
13.5000
13.8625
10.5000
13.0000
10.5000
13.8625
10.5000
13.8583
10.5000
0.0000
26.0000
10.5000
15.0500
13.0000
21.0000
26.0000
21.0000
13.0000
13.0000
12.7375
15.0333
26.0000
26.0000
26.0000
10.5000
21.0000
21.0000
13.0000
15.0458
18.7500
18.7500
18.7500
10.5000
10.5000
10.5000
13.0000
13.0000
26.0000
26.0000
13.0000
36.7500
13.0000
13.5000
12.3500
10.5000
13.0000
13.0000
15.0458
10.5000
13.0000
65.0000
10.5000
13.0000
12.6500
10.5000
21.0000
21.0000
13.0000
21.0000
21.0000
10.5000
21.0000
0.0000
15.7500
15.7500
13.0000
26.0000
26.0000
23.0000
23.0000
23.0000
27.7500
27.7500
27.7500
27.7500
10.5000
12.8750
13.0000
13.0000
13.5000
13.0000
7.5500
20.2500
20.2500
20.2500
7.6500
7.6500
7.9250
7.2292
7.2500
8.0500
9.4750
9.3500
9.3500
18.7875
7.8875
7.9250
7.0500
7.0500
8.0500
8.3000
22.5250
7.8542
31.2750
31.2750
31.2750
7.9250
7.7750
31.2750
31.2750
31.2750
7.7958
7.7750
31.2750
7.8542
7.8958
17.8000
17.8000
7.7750
7.0500
31.3875
31.3875
31.3875
31.3875
31.3875
31.3875
7.7958
31.3875
7.2250
7.2250
7.0500
14.4583
7.2250
7.8542
7.2292
7.2250
15.8500
15.8500
19.2583
19.2583
19.2583
19.2583
8.0500
7.2250
7.8958
7.2292
14.4542
14.4542
7.8792
8.0500
8.0500
7.7750
9.3500
7.2292
4.0125
56.4958
7.7750
7.7500
7.8958
15.2458
15.2458
7.2250
15.2458
7.7500
15.5000
15.5000
16.1000
7.7250
7.8542
7.0458
7.2500
7.7958
8.0500
7.2833
7.8208
6.7500
7.8792
8.6625
8.6625
8.6625
8.6625
8.6625
8.6625
7.7500
7.7500
8.0500
14.4583
14.4583
7.7958
7.8542
7.7500
7.7500
7.2500
8.0500
7.7333
56.4958
8.0500
14.4542
14.4542
7.0500
8.0500
7.2500
7.4958
7.4958
7.7333
7.7500
7.7500
7.6292
7.7500
8.0500
7.8958
7.8958
7.8958
8.0500
15.9000
15.9000
15.9000
7.2500
8.1583
16.1000
16.1000
8.6625
7.2250
8.0500
10.5167
10.1708
6.9500
7.7500
14.4000
14.4000
14.4000
7.8958
7.8958
24.1500
8.0500
24.1500
8.0500
16.1000
16.1000
17.4000
17.4000
9.5000
9.5000
20.5750
20.5750
20.5750
20.5750
7.8958
7.8958
7.8958
7.2500
7.2500
7.8792
7.8958
8.6625
7.8958
7.2292
7.7500
8.0500
12.4750
7.7500
8.0500
7.8958
7.7500
7.5500
13.9000
13.9000
7.7750
7.7750
6.9750
7.2250
7.2292
7.2292
7.2292
7.2500
12.4750
7.2250
15.1000
7.7500
7.0500
7.7958
7.7500
7.7500
6.9500
7.8792
7.7500
56.4958
34.3750
34.3750
8.0500
34.3750
34.3750
34.3750
7.7500
7.2500
7.7417
14.5000
7.8958
8.0500
7.7333
7.7500
20.5250
20.5250
7.8500
20.5250
7.0500
46.9000
46.9000
46.9000
46.9000
46.9000
46.9000
46.9000
46.9000
8.0500
8.3625
8.0500
9.8458
7.9250
7.9250
7.7750
8.8500
7.7333
19.9667
19.9667
15.8500
15.8500
9.5000
7.2292
14.1083
7.8542
7.8542
14.1083
7.5500
7.2500
6.8583
18.7875
7.7500
6.9750
56.4958
6.7500
7.9250
7.9250
8.9625
7.8958
7.7750
7.7500
12.2875
12.2875
6.4500
22.5250
7.9250
7.7500
8.0500
7.6500
7.8875
7.2292
7.8958
7.9250
7.9250
7.8958
7.8958
7.7958
7.0500
7.8542
7.8542
7.0542
7.7500
8.1125
6.4958
7.7750
7.7958
8.6542
7.7750
7.8542
11.1333
11.1333
0.0000
7.7750
0.0000
11.1333
23.4500
23.4500
23.4500
23.4500
7.8958
7.8542
7.8542
9.8250
9.8250
7.9250
7.1250
8.4333
7.8958
7.7958
7.8542
7.5208
13.4167
13.4167
7.2292
7.2292
7.7500
7.2500
7.7500
7.7500
7.8292
8.0500
7.7500
14.4542
14.4542
7.7500
7.7500
7.7375
8.6625
8.6625
22.0250
22.0250
22.0250
12.1833
7.8542
12.1833
7.8958
7.2292
7.2250
9.5875
7.8958
56.4958
56.4958
7.2500
7.7500
56.4958
9.4833
7.7750
7.7750
7.2250
25.4667
25.4667
25.4667
25.4667
25.4667
7.9250
6.4375
15.5000
15.5000
0.0000
24.1500
9.5000
7.7750
7.7500
15.5500
15.5500
7.9250
7.8792
56.4958
7.5500
16.1000
16.1000
7.8792
7.2500
8.6625
7.0542
7.8542
7.5792
7.8958
7.5500
7.7500
7.1417
7.1250
7.8792
7.7500
8.0500
7.9250
7.2292
7.7500
7.7375
7.2292
7.8958
7.8958
7.2250
7.8958
7.7500
7.7500
23.2500
23.2500
23.2500
7.7875
15.5000
7.8792
8.0292
7.7500
7.7500
16.1000
16.1000
7.7500
8.0500
8.0500
8.0500
7.7500
7.7750
8.0500
7.8958
7.8958
7.8958
7.8958
7.8792
7.6500
12.4750
12.4750
8.0500
24.1500
24.1500
8.4583
8.0500
7.7500
7.7750
15.2458
15.2458
15.2458
7.2292
8.0500
7.7333
7.7500
8.0500
15.5000
15.5000
15.5000
7.7500
7.8958
7.2250
15.7417
15.7417
15.7417
8.0500
7.8958
7.2292
7.7500
7.8958
11.2417
11.2417
7.9250
8.0500
7.7750
7.8542
7.8542
7.1250
7.9250
7.8000
7.2292
7.7500
6.2375
15.5000
7.8292
15.5000
7.7333
7.7500
7.7500
9.2250
7.7500
7.7500
7.8792
7.7750
7.7500
7.8292
3.1708
22.5250
8.4042
7.3125
7.8542
7.8542
7.7750
9.2250
8.6625
8.6625
8.6625
9.2167
8.6833
7.6292
21.0750
21.0750
21.0750
21.0750
21.0750
39.6875
39.6875
39.6875
39.6875
39.6875
39.6875
8.6625
14.5000
8.7125
7.8958
13.7750
13.7750
13.7750
7.0000
7.7750
8.0500
7.9250
7.9250
7.2500
7.7750
22.3583
22.3583
22.3583
8.1375
8.0500
7.8958
7.8958
7.8958
7.7750
7.7750
8.0500
7.8958
8.6625
8.6625
7.8958
8.1125
7.2292
7.2500
7.8958
8.0500
29.1250
29.1250
29.1250
29.1250
29.1250
29.1250
39.6875
7.1250
7.7208
14.5000
14.5000
14.5000
14.5000
8.0500
7.7750
20.2125
20.2125
20.2125
8.0500
8.0500
8.0500
7.7500
24.1500
7.2292
7.2250
7.2250
7.7292
7.5750
7.2500
69.5500
69.5500
69.5500
69.5500
69.5500
69.5500
69.5500
69.5500
69.5500
69.5500
69.5500
9.3250
7.6500
7.9250
21.6792
21.6792
21.6792
16.7000
16.7000
16.7000
9.5000
8.0500
8.0500
7.7250
7.8958
7.7500
9.5000
15.1000
7.7792
8.0500
8.0500
7.2292
8.0500
7.8958
7.9250
7.4958
27.9000
27.9000
27.9000
27.9000
27.9000
27.9000
7.8958
8.0500
8.6625
7.7500
7.7333
7.6500
8.0500
8.0500
8.0500
7.8958
8.6625
7.5500
8.0500

7.8958
9.8375
7.9250
8.6625
10.4625
10.4625
8.0500
7.9250
7.0500
7.7750
9.2250
7.7958
7.7958
8.0500
8.5167
6.4375
6.4375
7.2250
8.5167
8.0500
16.1000
16.1000
7.9250
7.7500
7.8958
8.0500
8.0500
7.2292
0.0000
7.2292
15.2458
15.2458
15.2458
7.8958
9.8417
9.5875
14.5000
14.5000
14.5000
24.1500
24.1500
24.1500
9.5000
9.5000
9.5000
9.5000
9.0000
18.0000
18.0000
18.0000
18.0000
7.2250
7.8542
7.8542
7.8958
9.0000
8.0500
7.5500
8.0500
9.5000
7.2292
7.7500
6.4958
6.4958
7.0000
8.7125
7.5500
8.0500
16.1000
7.2500
8.6625
7.2500
9.5000
14.4542
14.4542
7.2250
7.2250
14.4583
14.4542
14.4542
7.2250
7.2250
7.8750
